zip,number_of_reports,total_pop,perc_white,perc_black,perc_indigenous,perc_asian,perc_hawaii_pi,perc_other,perc_two_more,perc_hispanic
21601,966,23373,77.64514610875797,13.010738886749667,0.8428528644162067,1.3134813673897232,0,1.493175886706884,5.694604885979549,8.364352030120225
20646,909,20608,72.78726708074534,19.987383540372672,0.5192158385093169,2.828998447204969,0,0.7618400621118012,3.1152950310559007,4.129464285714286
21801,849,30692,56.141665580607324,35.46526782223381,0.18897432555714844,3.2679525609279287,0,1.961423172162127,2.974716538511664,4.877492506190538
21502,706,42049,84.81295631287308,11.015719755523318,0.17598516017027752,0.730100596922638,0,0.27349045161597185,2.991747722894718,2.021451164118053
21921,698,44793,81.16670015404193,9.61534168285223,0,1.7190185966557276,0.08036970062286518,1.18768557587123,6.23088428995602,5.726341169379144
20762,691,3419,56.12752266744662,23.837379350687335,0,3.9192746417081015,0,4.0362679145949105,12.079555425563031,13.571219654869845
21613,662,17688,53.60131162369969,32.93758480325645,0,1.8204432383536862,0,2.7476255088195387,8.893034825870647,6.3263229308005435
20817,615,38286,68.17374497205245,6.265998014940187,0.01044768322624458,14.96630622159536,0.03395497048529489,2.2619234184819517,8.287624719218513,11.576033014678995
21740,543,63413,72.18078312018041,16.373614243136263,0.16242726254868875,1.7346600854714334,0.14981155283616926,1.9948590982921481,7.40384463753489,8.0645924337281
20619,531,13244,77.56720024161885,13.175777710661432,0.1359106010268801,1.5554213228631832,0.16611295681063123,2.1745696164300816,5.225007550588947,7.588341890667472
20653,514,26480,59.95845921450152,24.25226586102719,0,5.351208459214502,0,2.118580060422961,8.319486404833837,7.737915407854985
21784,491,36809,84.6341927246054,5.403569779130104,0.13583634437230027,3.8333016381863128,0.05976799152381211,0.8584856964329375,5.074845825749137,4.047923062294548
21901,469,18635,87.82935336731956,6.750737858867723,0.1663536356318755,1.7976925140863964,0,0.41856721223504156,3.0372954118594047,2.5275020123423664
20650,454,14852,79.18798814974414,5.554807433342311,0.013466199838405602,3.3194182601669806,0,0.7002423915970912,11.224077565311068,4.827632642068409
21702,417,44783,65.07826630641091,16.13782015496952,0.27689078444945625,4.2739432373891875,0,4.521805149275394,9.711274367505526,17.88401848915883
21226,393,6210,59.59742351046698,22.721417069243156,0,5.507246376811594,0,0.24154589371980675,11.932367149758454,4.299516908212561
21701,368,40203,79.50401711315077,11.053901450140536,0,2.2834116856950972,0.04974753127876029,0.6641295425714498,6.444792677163395,5.929905728428227
21666,358,13738,87.62556412869414,4.054447517833746,0,1.9653515795603438,0,0.18197699810743923,6.1726597758043384,3.261027806085311
20636,355,10421,90.72066020535458,1.4873812494002496,0.11515209672776125,0.33586028212263697,0,1.170712983398906,6.170233182995874,6.582861529603686
20755,351,11253,51.9505909535235,26.93503954501022,0.15107082555762907,7.544654758731005,0.39100684261974583,3.0569625877543767,9.970674486803519,13.338665244823602
20640,331,10853,38.726619367916705,52.76881968119413,0.433059983414724,3.206486685709021,0.0829263798028195,0.5067723210172302,4.275315580945361,4.349027918547867
21042,312,42952,58.791208791208796,5.12665300800894,0.1490035388340473,29.579530638852674,0.2398025703110449,1.1477928850810206,4.966008567703483,3.4922704414229835
21043,295,47358,54.52721821022847,10.426960597998226,0.25550065458845395,24.887030702310064,0,2.3649647366865154,7.538325098188269,5.547109252924532
20659,293,23990,86.14005835764902,8.945393914130888,0.033347228011671524,0.4001667361400584,0,0.45018757815756566,4.0308461859107965,3.176323468111713
21804,290,38566,61.11082300471919,28.055800445988694,0.07778872582067106,3.9257376964165327,0.023336617746201316,1.314629466369341,5.491884042939377,5.390758699372504
21122,265,61212,83.22877867084885,6.45625040841665,0.29896098804156046,2.3214402404757237,0,2.0633209174671636,5.631248774750049,5.0921387963144475
NA,265,NA,NA,NA,NA,NA,NA,NA,NA,NA
21078,252,19760,74.0334008097166,14.205465587044536,0.16700404858299597,2.388663967611336,0,3.0870445344129553,6.11842105263158,5.379554655870445
20678,251,12415,72.80708819975835,17.309706000805477,0.3383004430124849,3.7535239629480466,0,0.5074506645187273,5.283930728956907,5.428916633105114
21157,249,39978,90.83495922757517,3.879633798589224,0.21511831507329032,0.7729251088098454,0.015008254539996999,1.2907098904397418,2.991645404972735,4.314873180249137
20742,241,4188,58.810888252149,19.98567335243553,0,16.83381088825215,0,1.3371537726838587,3.0324737344794652,4.680038204393505
20657,240,20420,82.35553379040157,12.13026444662096,0,0.7394711067580803,0.06856023506366307,0.1714005876591577,4.534769833496572,4.637610186092067
21811,237,24187,85.78988712944971,7.657005829577872,0.04134452391780709,1.7199321949807747,0,0.9302517881506595,3.8615785339231814,3.3406375325588127
20723,235,35342,42.70839228113859,28.634485880821686,0.2348480561371739,17.129760624752418,0,4.012223416897742,7.280289740252391,8.397940127893158
20794,207,17062,40.3762747626304,46.893681866135275,0.24030008205368655,3.2352596413081707,0.029304888055327633,5.169382252959793,4.055796506857344,12.407689602625718
21629,207,9999,77.96779677967797,15.62156215621562,0.030003000300030006,0.38003800380038005,0,1.6301630163016303,4.370437043704371,2.42024202420242
20670,204,1451,71.81254307374225,14.334941419710546,0.8959338387319091,1.3783597518952446,0,2.3432115782219163,9.235010337698139,9.510682288077188
21842,203,10960,92.70985401459853,3.266423357664234,0.18248175182481752,0.5109489051094891,0,0.6751824817518248,2.655109489051095,4.872262773722627
21875,202,7052,63.84004537719796,16.00964265456608,0.14180374361883152,3.0629608621667614,0,11.755530346001136,5.190017016449235,12.237663074305162
20664,201,3327,73.85031559963932,21.190261496844006,1.532912533814247,0.18034265103697023,0,0,3.2461677186654643,4.328223624887286
21788,201,11598,95.11122607346094,0.9053285049146406,0.11208829108466976,0.23279875840662181,0,0.8277289187790998,2.810829453354027,4.388687704776686
21771,196,31755,90.11809163911195,2.9790584159974807,0.04723665564478035,1.725712486222642,0.04093843489214297,2.0280270823492366,3.060935285781767,6.60998267989293
21158,195,22221,88.58737230547679,2.8081544484946672,0.054002970163358976,2.4481346474056074,0,1.683092570091355,4.41924305836821,3.7757076639215152
20878,190,65999,49.62196396915105,10.472885952817466,0.3151562902468219,27.100410612282005,0,5.239473325353415,7.2501098501492445,11.700177275413264
21638,183,5125,81.97073170731707,7.2975609756097555,0,0,0.21463414634146344,1.2097560975609756,9.307317073170731,2.165853658536585
21085,180,16350,80.42201834862385,13.278287461773699,0.18960244648318042,1.5229357798165137,0,2.0489296636085625,2.53822629969419,3.8409785932721716
21074,178,14887,90.93840263316989,2.767515281789481,0.16793175253576947,2.969033384832404,0,1.0814804863303553,2.0756364613421106,2.0890710015449723
20708,175,27262,18.45792678453525,63.649035287212975,0.06602597021495121,2.8391167192429023,0,10.186339960384418,4.8015552784095075,15.402391607365566
21774,174,14450,87.22491349480968,3.7370242214532867,0.08304498269896193,3.093425605536332,0,0.5536332179930795,5.307958477508651,3.211072664359862
21853,173,10510,38.67745004757374,54.110371075166505,0.028544243577545196,1.027592768791627,0,0.6660323501427212,5.490009514747859,4.043767840152237
21619,172,5765,86.48742411101475,6.071118820468343,0,0.5377276669557676,0,3.8508239375542064,3.052905464006938,4.2671292281006075
20814,166,29685,73.07394306889002,6.023244062657908,0.3975071584975577,11.332322721913425,0,0.9028128684520801,8.270170119589018,9.00117904665656
21075,166,35516,46.17637121297443,25.596914066899423,0.26748507714832753,19.791080076585203,0,2.7931073319067465,5.375042234485865,11.18650748958216
21550,166,14160,97.06920903954803,0.5437853107344632,0.2189265536723164,0.5225988700564972,0,0.2612994350282486,1.384180790960452,1.0310734463276836
21787,166,10697,91.50229036178368,5.61839768159297,0.11218098532298774,1.1498550995606245,0,0.1589230625408993,1.458352809198841,4.412452089370852
20732,165,10447,80.74088255001436,11.180243131999617,0.31588015698286587,3.36938834115057,0,0.09572125969177754,4.297884560160812,1.6655499186369291
20601,164,26740,29.700822737471956,57.86462228870606,0.10471204188481677,3.107703814510097,0.09723261032161556,2.2774869109947646,6.847419596110696,7.378459237097982
21903,164,5658,89.23647932131496,7.953340402969247,0,0.3181336161187699,0,0.9013785790031814,1.5906680805938493,4.40084835630965
21617,159,10270,88.19863680623175,8.120740019474198,0.05842259006815968,1.3631937682570594,0,0.46738072054527746,1.7916260954235639,1.3729308666017526
20715,157,26880,47.07217261904762,37.983630952380956,0.07068452380952381,5.022321428571429,0,3.6979166666666665,6.15327380952381,7.965029761904761
21673,157,2875,77.25217391304348,15.791304347826088,0.5565217391304348,0,0,0,6.4,7.930434782608696
20622,147,6005,75.8368026644463,8.759367194004994,0.18318068276436303,3.5970024979184014,0,0.23313905079100752,11.390507910074938,2.8309741881765196
20772,145,53161,13.039634318391302,79.1708207144335,0.3498805515321382,0.680950320723839,0.13919978931923777,3.927691352683358,2.691822952916612,5.084554466620267
20705,144,27914,19.613813856846026,34.79257720140431,0.10030808913090204,12.71046786558716,0,27.556065056960666,5.226767930070932,38.317690048004586
21532,143,13184,86.62773058252428,8.730279126213594,0.08343446601941747,1.8052184466019416,0.02275485436893204,0.5385315533980582,2.1920509708737863,2.9733009708737863
21783,141,9793,94.4858572449709,1.4398039415909323,0.04084550188910446,1.409169815174104,0,0.2757071377514551,2.3486163586235067,1.684876952925559
21643,140,5332,61.7966991747937,29.12603150787697,0,1.0315078769692423,0,3.6384096024006003,4.40735183795949,3.8259564891222806
21915,139,2776,95.13688760806916,0.46829971181556196,0,0,0,0.6123919308357348,3.7824207492795385,7.2766570605187315
21742,137,34190,78.33577069318515,9.362386662766891,0.07604562737642585,2.9248318221702254,0.05557180462123428,1.4594910792629423,7.785902310617139,7.247733255337819
21230,136,33995,59.858802765112515,25.83321076628916,0.6295043388733638,2.9445506692160612,0.023532872481247243,6.642153257832034,4.068245330195617,9.666127371672305
20607,131,11122,23.52094946951987,60.78942636216508,0.10789426362165079,5.5565545765150155,0,2.832224420068333,7.192950908110052,3.848228735838878
21401,131,39517,74.4261963205709,15.494597261937901,0.1644861705088949,3.0265455373636665,0,2.8924260444871828,3.995748665131462,9.628767365943771
21754,130,6847,70.61486782532495,12.107492332408354,0.16065430115378998,6.411567109683072,0.11683949174821089,4.834233971082226,5.754344968599387,11.172776398422666
21826,129,5460,57.71062271062271,33.498168498168496,0.7326007326007326,2.9853479853479854,0,2.582417582417582,2.490842490842491,5.4945054945054945
21224,128,46110,67.51680763391889,15.079158533940577,0.7525482541747994,3.513337670787248,0.019518542615484708,8.011277380177836,5.107351984385166,15.729776621123401
21403,128,32655,66.54723625784719,16.009799418159545,0.3919767263818711,1.2861736334405145,0,11.100903383861583,4.6639105803092935,14.435767876282346
21904,128,6386,87.94237394300032,7.7826495458816165,0,0.03131850923896023,0,0.8612590040714062,3.3823989978077043,6.514249921703727
20781,123,12940,35.95054095826893,25.09273570324575,0.4559505409582689,1.499227202472952,0,29.992272024729523,7.009273570324575,43.4080370942813
21220,122,41627,60.21332308357557,26.958464458164173,0.1393326446777332,4.739712206020131,0.1369303577005309,3.2046508275878636,4.607586422274005,6.34924448074567
21240,122,0,NA,NA,NA,NA,NA,NA,NA,NA
21658,121,3678,79.20065252854812,7.911908646003263,0,1.0603588907014683,0,2.202283849918434,9.624796084828711,8.346927678085917
21758,121,4454,86.01257296811855,5.904804669959587,0.1571621014818141,3.3677593174674447,0,0.6286484059272563,3.929052537045352,2.088010776829816
20854,119,49684,65.30070042669672,5.804685613074632,0.0020127203928830208,21.11343692134289,0.11069962160856614,1.5316802189839787,6.13678447790033,8.986796554222687
21795,118,9292,86.82737839001291,4.961256995264743,0.15066724063710718,0.8824795523030563,0,0.48428755919070166,6.693930262591477,2.378390012914335
20879,115,27244,40.57040082219938,20.316399941271474,0.561591543092057,15.221700190867715,0.08809279107326384,15.742915871384525,7.498898840111584,29.73865805314932
20842,114,1824,79.93421052631578,10.69078947368421,0.8771929824561403,0.2741228070175438,0,1.644736842105263,6.578947368421052,7.949561403508771
21076,112,19684,50.32005689900427,27.479170900223533,0.045722414143466776,11.201991465149359,0,3.8102011786222314,7.142857142857142,6.822800243852875
21631,112,2770,84.51263537906138,3.898916967509025,0,0,0,6.028880866425993,5.55956678700361,6.353790613718411
21776,112,6146,94.37032216075497,2.2128213472177025,0,0.7484542792059876,0,0,2.668402212821347,2.147738366417182
20735,109,39181,9.236619790204434,79.03320486970725,0.5283172966488859,2.4629284602230674,0,4.673183430744494,4.065746152471862,7.358158291008397
21005,109,2862,46.40111809923131,40.391334730957375,0.7337526205450734,1.5723270440251573,0,2.900069881201957,8.001397624039134,10.58700209643606
20770,107,28820,22.952810548230396,50.551700208188755,0.5100624566273421,8.45940319222762,0,12.831367106176266,4.694656488549619,17.210270645385148
21060,106,37038,63.885738970786754,21.588638695393918,0.4832874345267023,3.9688968086829743,0.3131918570117177,4.079593930557805,5.68065230304012,10.035639073384091
20871,105,26366,36.06918000455131,15.25828718804521,0.40582568459379503,36.68360767655314,0,4.873700978532959,6.709398467723584,11.017977698551164
20874,105,62270,40.677693913602056,22.328569134414646,0.12204914083828487,17.396820298699215,0,8.57876987313313,10.896097639312671,26.26947165569295
20613,104,14595,24.18636519355944,63.843782117163414,0,2.870846180198698,0.24665981500513876,1.8636519355943817,6.98869475847893,4.761904761904762
20695,104,11822,29.335137878531555,57.55371341566571,0,3.3581458298088314,0,2.309253933344612,7.4437489426492975,3.7641684994078837
20850,103,51707,50.84417970487555,12.075734426673371,0.15278395575067205,24.95793606281548,0,5.068946177500145,6.900419672384784,11.530353723867174
21663,102,3512,82.6879271070615,10.620728929384967,0,0.7972665148063782,0,0,5.894077448747153,3.673120728929385
20877,101,37094,34.423356877122984,19.286137919879227,0.5229956327168814,15.63325605219173,0.2507144012508762,22.32436512643554,7.559173990402761,41.64824499919124
21046,99,15484,56.135365538620505,30.043916300697493,0.07104107465771119,7.259106174115216,0,0.949367088607595,5.541203823301473,6.083699302505812
21117,98,59321,34.79037777515551,50.89260127105072,0.05057230997454527,6.436169316093794,0.17026011024763574,2.122351275265083,5.537667942212708,6.59800070801234
21093,97,39817,80.63892307305925,4.759273677072607,0.07785619207876032,9.965592586081321,0.02009192053645428,0.4244418213325966,4.113820729839014,3.1393625838209807
21222,97,59622,70.2894904565429,16.67840729931904,0.9610546442588306,2.517527087316762,0,4.560397168830297,4.993123343732179,11.759082217973232
20684,96,775,91.74193548387096,4.903225806451613,0,0,0,0,3.354838709677419,0.12903225806451613
20837,96,6604,85.7359176256814,6.329497274379165,0,3.1041792852816474,0,2.150211992731678,2.6801938219261054,11.41732283464567
21202,95,21314,35.117762972694,55.39551468518344,0.5630102280191424,4.419630289950267,0.12667730130430702,0.7835225673266397,3.593881955522192,5.428356948484564
20740,94,37168,46.182199741713305,21.13646147223418,0.2260008609556608,14.334911752044768,0,12.177141627206199,5.943284545845889,21.663796814464057
20833,94,8054,68.32629749192948,10.578594487211323,0.22349143282840825,8.716165880307921,0,3.551030543829153,8.604420163893717,12.416190712689348
21163,93,6891,46.71310404875925,22.899434044405748,0,22.20287331301698,0.5079088666376433,2.220287331301698,5.456392395878682,5.630532578725874
20754,91,7108,84.14462577377603,7.259425998874508,0.4501969611705121,2.4198086662915026,0,0.5346088913899831,5.191333708497468,5.036578503095105
21713,91,9630,91.73416407061266,3.541017653167186,0.08307372793354102,2.087227414330218,0.10384215991692627,0.08307372793354102,2.3676012461059193,2.679127725856698
20602,90,28277,26.180287866463907,61.88421685468756,0.7355801534816282,2.266859992219825,0,1.6833468896983415,7.249708243448739,7.8685857764260705
20905,90,17984,45.08451957295374,25.494884341637007,0,13.979092526690392,0,8.557606761565836,6.8838967971530245,14.852090747330962
21536,89,3855,98.31387808041504,0.8560311284046693,0.05188067444876784,0.4669260700389105,0,0,0.311284046692607,0.05188067444876784
21704,89,17372,62.27837900069076,10.637807966843196,0.4029472714713332,14.385217591526594,0.3166014275846189,1.174303476859314,10.804743265024177,11.161639419755929
20736,88,9393,81.88012349622059,8.836367507718514,0,0.6174811029490046,0,1.5543489832854254,7.111678909826466,3.651655488129458
21620,88,13083,80.23389130933272,13.391423985324465,0,1.3605442176870748,0.07643506840938623,1.2382481082320569,3.699457311014293,3.103263777421081
20634,87,8198,62.02732373749696,28.458160526957794,0,2.7445718467919002,0,2.683581361307636,4.0863625274457185,3.3910709929251035
21918,85,4428,92.5022583559169,1.084010840108401,0.7904245709123758,0,0,0,5.623306233062331,1.9873532068654018
21830,84,4529,84.85316846986089,11.260763965555311,0.0662397880326783,0.0662397880326783,0.3753587988518437,0.5519982336056525,2.8262309560609404,1.9651137116361228
21037,83,21420,90.90569561157797,5.597572362278245,0,0.9990662931839401,0,0.8356676003734828,1.661998132586368,4.313725490196078
21227,82,34471,69.33654376142265,16.744509877868353,0.1479504511038264,4.061384932261902,0,4.978097531258159,4.731513446085115,7.156740448492936
21655,82,4679,83.0946783500748,9.019021158367172,0.25646505663603336,0.6197905535370806,0,2.4791622141483223,4.530882667236589,3.8683479375935024
20904,81,55912,27.29110030047217,46.78065531549578,0.15023608527686363,13.172485334096438,0.033981971669766776,7.032479610816998,5.539061382171984,15.155959364715981
21001,79,25708,60.46366889684145,25.416212852030494,0.18671230745293294,3.473626886572273,0,4.127119962657538,6.332659094445309,8.059747938384938
21797,79,8755,89.56025128498001,1.9303255282695602,0.34266133637921187,3.974871501998858,0.10279840091376355,0.011422044545973729,4.077669902912621,2.7755568246716162
21207,77,51927,9.338109268781174,82.95684326073142,0.2426483332370443,2.1029522213877176,0.6990582933733895,1.875710131530803,2.784678490958461,4.481291043195255
21769,77,12486,86.0083293288483,1.9381707512413904,0.06407176037161622,5.085695979497037,0,0.2642960115329169,6.6394361685087295,3.3317315393240428
21871,77,1799,69.7609783212896,21.845469705391885,0,3.8354641467481936,0,0,4.558087826570317,2.001111728738188
20620,76,1488,58.46774193548387,10.080645161290322,0,2.956989247311828,0,0,28.49462365591398,23.18548387096774
21716,76,6594,76.06915377616015,9.29632999696694,0.19714892326357294,0.6066120715802245,0,0.28814073400060664,13.54261449802851,6.839551107067031
21851,75,7364,59.13905486148832,34.95382944052145,0,1.127104834329169,0,1.1135252580119501,3.6664856056491035,4.223248234655079
21048,74,10084,89.49821499404999,3.054343514478382,0,3.887346291154304,0,0.9420864736215787,2.6180087266957557,3.5700119000396673
21113,74,35242,54.73015152375007,26.78622098632314,0.06242551501049883,5.981499347369615,0,2.840360932977697,9.599341694568981,10.572612224050848
21520,74,2048,98.095703125,1.513671875,0.048828125,0.048828125,0,0,0.29296875,1.5625
21791,74,4794,93.84647476011682,1.6270337922403004,0.08343763037129745,2.3153942428035044,0.1251564455569462,0.5840634125990822,1.4184397163120568,1.3350020859407592
21540,73,71,97.1830985915493,1.4084507042253522,0,0,0,0,1.4084507042253522,1.4084507042253522
21136,72,35306,59.32136180819124,24.78615532770634,0.1529485073358636,8.16008610434487,0,1.6569421628051888,5.922506089616496,6.038633660001133
21219,72,9278,87.76676007760294,3.2765682259107565,0.09700366458288424,6.456132787238629,0,0,2.4035352446647984,1.0885966803190343
21654,72,1183,89.43364327979712,3.38123415046492,0,0.760777683854607,0,0.08453085376162299,6.339814032121724,11.665257819103973
21632,71,6090,66.60098522167488,26.436781609195403,1.198686371100164,0.22988505747126436,0,0.16420361247947454,5.369458128078818,4.482758620689655
21530,67,1898,98.36670179135932,1.0010537407797682,0,0,0,0.5268703898840885,0.10537407797681769,2.212855637513172
20623,65,2534,14.206787687450669,80.70244672454618,0,1.3812154696132597,0,0.23677979479084454,3.472770323599053,0.6708760852407262
20771,65,0,NA,NA,NA,NA,NA,NA,NA,NA
20889,65,407,65.1105651105651,8.353808353808354,0,0,1.71990171990172,16.707616707616708,8.108108108108109,25.307125307125304
21040,65,24811,39.90165652331627,47.30563056708718,0,2.317520454637056,0,2.6520494941759702,7.823142960783523,6.35202128088348
21835,65,328,89.32926829268293,8.231707317073171,0,0,0,0,2.4390243902439024,4.573170731707317
20872,63,12835,72.01402415270745,11.56213478768991,0.05453837164004675,5.477210751850409,0,5.726529022204908,5.1655629139072845,13.369692247760032
21015,63,30781,83.88941229979532,7.819758942204606,0.006497514700627011,3.8952600630258924,0,0.8251843669796304,3.563886813293915,5.022578863584679
21221,63,43576,61.416834955021116,29.30741692674867,0.10326785386451257,1.675234073802093,0,1.8335781163943454,5.6636680741692675,6.313108132917201
20866,62,16791,20.93978917277113,45.08367577869097,0.2977785718539694,24.179620034542314,0,3.704365433863379,5.794771008278244,11.125007444464297
21703,62,39438,62.041685683858205,16.258430954916577,0.31695319235255337,8.438561793194381,0.0380343830823064,3.5245194989603936,9.38181449363558,20.794665043866324
20603,61,31897,25.221807693513497,59.02435965764805,0.6489638523999123,5.630623569614698,0,1.8967301000094052,7.577515126814434,9.543217230460545
21911,61,11108,90.51134317608931,0.33309326611451207,0.13503781058696435,2.961829312207418,0,2.3766654663305724,3.682030968671228,5.1224342815988475
21061,60,55960,57.046104360257324,27.19263759828449,0.16797712651894212,4.796283059328092,0.07684060042887776,4.38348820586133,6.336669049320943,7.685847033595425
21215,59,52550,17.158896289248336,77.13415794481446,0.04757373929590866,1.274976213130352,0.05518553758325404,1.8097050428163655,2.519505233111323,2.820171265461465
21727,59,6873,83.29695911537902,7.944129201222173,0.33464280517968864,0.5092390513603957,0.10184781027207915,1.3094718463553032,6.50371017023134,7.289393278044522
21750,59,3782,95.74299312533051,0.26441036488630354,0.026441036488630353,0.8725542041248017,0,0.8461131676361713,2.24748810153358,0.23796932839767318
20674,58,1102,74.77313974591652,9.43738656987296,0,1.6333938294010888,0,1.3611615245009074,12.79491833030853,6.442831215970962
20876,58,25963,31.128914224088128,31.302237799946077,0.38901513692562495,22.963447983669067,0,5.973885914570736,8.24249894080037,19.150329314794128
21032,58,7594,89.14932841717145,7.08454042665262,0,1.0402949697129313,0,1.0402949697129313,1.6855412167500659,2.0015801948907033
21872,58,573,100,0,0,0,0,0,0,0
21213,57,29579,7.3700936475202,88.87386321376653,0.26708137530004394,0.07775786875824064,0,1.6362960208255857,1.774907873829406,2.427397816018121
20677,56,2165,80.92378752886836,15.612009237875288,0,2.5404157043879905,0,0,0.9237875288683602,2.3094688221709005
20785,55,41655,8.45516744688513,75.15544352418677,0.3601008282319049,3.641819709518665,0,7.25723202496699,5.130236466210539,12.541111511223143
21562,55,3093,98.12479793081151,0.42030391205948914,0,0.35564177174264466,0,0,1.0992563853863564,1.1315874555447785
21755,55,5697,81.67456556082149,1.8079691065473056,0.0526592943654555,1.8606284009127612,0,5.441460417763736,9.162717219589258,14.340881165525715
21228,53,50781,59.33912290029736,19.428526417360825,0.4706484708847798,13.875268309013213,0.1732931608278687,2.398534885094819,4.31460585652114,5.511904058604596
21237,53,30895,50.31882181582781,36.501051950153744,0.32691374008739277,6.813400226573879,0.11652370933808058,2.676808545072018,3.246480012947079,7.321573070076064
21817,53,4146,73.20308731307284,19.368065605402798,0.0241196333815726,0.844187168355041,0,2.580800771828268,3.979739507959479,3.207911239749156
21914,53,725,92.41379310344827,1.3793103448275863,0,0,0,0,6.206896551724138,0
20901,51,36493,46.830899076535225,28.794563340914696,0.13975282930973063,7.7658729071328745,0,10.514345216890911,5.954566629216562,17.586934480585317
21102,51,12193,93.67669974575577,1.9191339293036989,1.1892069220044288,0.7135241532026573,0,0.03280570819322562,2.4686295415402277,2.0093496268350695
21104,51,6212,78.21957501609788,3.557630392788152,0,11.477784932388925,0,0.51513200257566,6.229877656149388,3.461043142305216
21722,51,6296,95.94980940279542,0.1905972045743329,0,0.9688691232528589,0,0.28589580686149935,2.6048284625158833,1.5724269377382465
20852,50,48194,57.903473461426735,10.717101713906295,0.20126986761837573,17.86321948790306,0.004149894177698468,4.075196082499896,9.235589492467943,13.375108934722165
21162,50,4640,77.32758620689654,15.129310344827587,0,1.767241379310345,0,0.625,5.150862068965517,4.612068965517242
20687,49,417,65.94724220623502,14.86810551558753,0,12.470023980815348,0,0,6.71462829736211,0
20724,49,18059,33.33517913505732,48.0314524613766,2.8019270169998336,5.3325211805747825,0,5.897336508112298,4.601583697879174,16.66758956752866
20774,49,50483,5.796010538200978,86.95600499177941,0.1069667016619456,2.0224630073490086,0,1.6500604163777906,3.468494344630866,3.5714993166016287
21837,49,3164,67.41466498103667,25.50568900126422,0,0.7585335018963337,0,4.962073324905184,1.359039190897598,11.314791403286979
21639,48,4881,87.68694939561566,5.326777299733662,0,0.08195041999590248,0,0.45072730997746363,6.453595574677321,7.826265109608686
21798,48,2627,81.49980966882376,12.409592691282832,0,0.22839741149600304,0,1.218119527978683,4.644080700418728,2.9691663494480394
20621,47,786,89.69465648854961,10.305343511450381,0,0,0,0,0,0
20816,47,17433,83.73200252394884,2.237136465324385,0.10325245224574084,5.793609820455458,0,1.5201055469511846,6.613893191074399,7.835713875982332
21146,47,28410,89.1094684970081,2.6223160858852514,0,2.4005631819781765,0,0.6722984864484336,5.195353748680042,3.1010207673354455
21561,47,2355,93.84288747346072,1.9957537154989384,0,0,0.42462845010615713,1.3163481953290872,2.420382165605096,0.59447983014862
21660,47,3942,72.67884322678843,18.949771689497716,0,1.6996448503297819,0,1.4205986808726534,5.251141552511415,6.443429731100964
21822,47,2364,72.96954314720813,19.543147208121827,1.311336717428088,0,0,0,6.175972927241963,1.0998307952622675
20639,46,14853,78.30741264391033,10.657779573150206,0.07405911263717767,2.5247424762674204,0.22217733791153302,0.21544469130815322,7.99838416481519,4.706119975762473
21010,46,272,75.73529411764706,18.75,0,0,0,5.514705882352941,0,13.970588235294118
21030,46,25900,63.5945945945946,15.250965250965251,0.14285714285714285,9.841698841698841,0,3.2741312741312742,7.895752895752896,10.930501930501931
21225,46,34362,38.51929456958268,42.9660671672196,1.0593097025784295,1.9527384901926546,0.12513823409580352,9.894651068040277,5.482800768290554,15.918747453582446
21409,46,19878,86.13039541201329,4.210685179595533,0.26159573397726127,2.505282221551464,0,2.0072441895562934,4.884797263306168,6.4543716671697355
21541,46,1500,81.53333333333333,12,1.7333333333333332,0.2,0,1.1333333333333333,3.4000000000000004,6.466666666666667
21671,46,816,99.1421568627451,0,0,0.857843137254902,0,0,0,3.308823529411765
21850,46,3405,86.75477239353891,4.34654919236417,0,0.6754772393538914,0,0,8.223201174743025,3.641703377386197
20720,45,26042,14.142538975501115,69.01159665156285,0.038399508486291374,7.046309807234468,0,3.2409185162429925,6.520236540972276,7.100069119115275
20841,45,9760,36.98770491803279,11.086065573770492,0,46.588114754098356,0,0.625,4.713114754098361,6.229508196721312
21662,45,641,83.93135725429018,11.700468018720748,0,4.368174726989079,0,0,0,16.536661466458657
20637,44,6223,59.00690985055439,28.49108147195886,0.6588462156516149,1.9604692270609032,0,0,9.882693234774225,3.133536879318657
21045,44,40522,47.56181827155619,29.73940081930803,0.7674843295000247,12.432752578846058,0,2.608459602191402,6.890084398598292,10.613987463600019
20686,43,1135,77.88546255506607,10.748898678414097,0,8.193832599118943,0,0.3524229074889868,2.8193832599118944,2.8193832599118944
21209,42,30146,68.95110462416241,21.057520068997544,0.13932196643004047,6.087043057122006,0.06302660386120879,1.2638492669010812,2.438134412525708,2.497843826710011
21623,42,2478,81.15415657788539,8.071025020177562,0.3228410008071025,1.3720742534301855,0,6.820016142050041,2.2598870056497176,9.685230024213075
21794,42,2162,59.11193339500463,3.9777983348751156,0,30.249768732654946,0,0,6.66049953746531,5.45790934320074
20690,41,886,92.43792325056434,2.595936794582393,0,3.9503386004514676,0,0,1.0158013544018059,0
20759,41,5935,57.18618365627633,11.760741364785172,0,21.76916596461668,0,0.16849199663016007,9.11541701769166,3.167649536647009
20882,41,14301,75.74295503810923,6.027550520942591,0,7.586882036221243,0,4.335361163554996,6.307251241171946,11.859310537724635
20609,40,1611,66.72873991309746,25.822470515207947,0,2.1104903786468032,0,0,5.3382991930477965,0
20747,40,41445,3.305585716009169,87.22161901314995,0.9554831704668839,0.8999879358185547,0.29195319097599226,3.8943177705392693,3.4310532030401735,7.356737845337194
21084,40,7254,91.3564929693962,2.315963606286187,0,3.1430934656741107,0,0.9098428453267163,2.2746071133167907,2.1505376344086025
21402,40,5576,65.1183644189383,13.091822094691535,0.8249641319942611,4.68077474892396,1.0043041606886656,2.9053084648493543,12.374461979913917,20.606169296987087
21766,40,522,96.36015325670499,0,0,0,0,0,3.6398467432950192,0
21863,40,4904,65.96655791190864,24.71451876019576,0,2.875203915171289,0,0.6729200652528547,5.770799347471452,3.6704730831973897
20616,39,6934,18.791462359388518,72.51225843668878,0,2.494952408422267,0,2.321892125757139,3.879434669743294,6.994519757715604
20630,39,305,90.1639344262295,5.901639344262295,0,0,0,0,3.934426229508197,3.934426229508197
20743,39,38742,4.638376955242372,83.73857828713025,0.653038046564452,0.5239791440813588,0,7.74869650508492,2.6973310618966497,12.237365133446906
21236,39,39876,60.14896178152272,20.280369144347475,0.17303641287992777,14.244156886347678,0,1.4469856555321496,3.706490119370047,4.040024074631357
21849,39,3794,84.44913020558778,9.620453347390617,0,0,0,0,5.930416447021613,0.790722192936215
20744,38,56185,9.167927382753403,68.9098513838213,0.8899172376968942,4.892764972857525,0.03381685503248198,12.072617246596067,4.033104921242325,15.30657648838658
20910,38,44812,49.75453003659734,29.360439168079978,0.21869142194055163,7.86396500937249,0.033473176827635454,5.065607426582165,7.70329376059984,11.749085066500045
21531,38,1880,96.86170212765958,0.5319148936170213,0.05319148936170213,0.05319148936170213,0.05319148936170213,0,2.4468085106382977,0.6382978723404255
20606,37,101,100,0,0,0,0,0,0,0
20680,37,671,72.28017883755588,10.730253353204173,0,0,0,16.98956780923994,0,0.8941877794336811
21044,37,44662,48.44834534951413,28.19622945680892,0.29779230665890466,12.16246473512158,0.03358559849536519,2.109175585508934,8.752406967892167,8.960637678563433
21756,37,3069,97.5562072336266,0.19550342130987292,0,0.2932551319648094,0,0,1.9550342130987293,0.2606712284131639
20746,36,27669,5.956124182297878,84.07604177960894,0.0867396725577361,1.785391593480068,0,3.6719794716108276,4.423723300444541,6.331996096714734
21216,36,27643,1.4036103172593424,95.380385631082,0.1808776182035235,0.32919726513041275,0,0.44857649314473824,2.2573526751799733,1.1757045183229027
21218,36,47081,29.360039081582805,60.145281536076126,0.4715277925277712,4.534738004715278,0,0.9664195747753871,4.5219940103226355,4.167286166394087
20784,35,32355,11.398547365167671,53.09534847782413,0.19162416937104002,1.4680883943749035,0,29.60593416782568,4.2404574254365635,38.03121619533302
21201,35,17773,32.82507173802959,53.502503797895685,0.6245428458898329,5.423957688628819,0,0.9565070612727171,6.667416868283352,4.079221290721882
21757,35,2604,93.70199692780338,2.1889400921658986,0,1.497695852534562,0,0.30721966205837176,2.3041474654377883,0.9984639016897081
20892,34,0,NA,NA,NA,NA,NA,NA,NA,NA
21079,34,NA,NA,NA,NA,NA,NA,NA,NA,NA
21501,34,NA,NA,NA,NA,NA,NA,NA,NA,NA
21029,33,13507,43.42933293847634,8.84726438143185,0,41.6376693566299,0.681128303842452,1.0587102983638113,4.345894721255645,2.2062634189679424
21053,33,3126,90.49904030710174,2.527191298784389,0.19193857965451055,0,0,0.47984644913627633,6.301983365323097,6.973768394113884
21054,33,14479,66.95213757856206,11.734235789764487,0.09669176048069618,7.479798328613854,0,3.1977346501830235,10.539401892395883,5.55977622764003
21223,33,20531,17.826701086162387,73.34762067118017,0.2094393843456237,1.5147825239881154,0,1.8118942087574887,5.289562125566217,4.213141103696849
21229,33,43933,17.114697380101518,75.2259121844627,0.1570573373090843,2.6358318348394145,0,0.8763344183188037,3.990166844968475,4.101700316390868
21555,33,1455,98.07560137457044,0.27491408934707906,0,0,0,0,1.6494845360824744,0
21793,33,10862,80.43638372307126,8.14767077886209,0.2393665991530105,3.3879580187810716,0,0.5247652366046769,7.263855643527896,13.054686061498803
21014,32,36247,83.8965983391729,5.368720169945099,0.303473390901316,2.935415344718183,0.1489778464424642,2.044307115071592,5.302507793748449,4.414158413110051
21205,32,15319,16.567661074482668,65.93772439454273,0.4438932045172661,3.2116978915072787,0.006527841242900972,7.689796984137345,6.142698609569815,15.059729747372543
21208,32,36447,50.79156034790243,43.007654951024776,0.10151727165473154,1.964496392021291,0,1.517271654731528,2.61749938266524,3.267758663264466
21234,32,66011,61.707897168653716,28.36496947478451,0.18481768190150127,5.291542318704458,0,1.0922422020572329,3.3585311538985927,4.050840011513233
21661,32,2667,84.02699662542183,7.161604799400075,0,0.03749531308586427,0.03749531308586427,5.774278215223097,2.962129733783277,4.7994000749906265
21813,31,2662,90.15777610818934,5.522163786626597,0,0.03756574004507889,0,1.5026296018031555,2.779864763335838,4.357625845229151
20751,30,2055,89.29440389294405,0.09732360097323602,0,0,0,0,10.608272506082725,7.250608272506083
21677,30,570,99.82456140350877,0,0,0,0,0,0.17543859649122806,0
20693,29,1300,57.769230769230774,16.692307692307693,0.8461538461538461,0,0,0,24.69230769230769,2.8461538461538463
21036,29,1995,82.00501253132832,3.508771929824561,0,8.270676691729323,0,3.007518796992481,3.208020050125313,8.471177944862156
21782,29,4358,98.25608077099587,0.11473152822395595,0.11473152822395595,0.2065167508031207,0,0.4130335016062414,0.8949059201468563,0.7801743919229004
20692,28,612,87.58169934640523,0.16339869281045752,0,0,0,0,12.254901960784313,0
20748,28,40644,4.123609880917233,85.5722861923039,0.059049306170652495,0.5363645310500935,0.024603877571105204,6.00088573959256,3.6832004723944496,8.955811435882294
20855,28,17123,58.40682123459674,11.545873970682708,1.185539917070607,16.597558838988494,0.5139286340010512,3.0894119021199558,8.660865502540442,13.227822227413421
21625,28,2479,82.49294070189592,8.26946349334409,1.1698265429608712,1.8152480839048004,0,0,6.2525211778943115,0
21710,28,4960,87.11693548387098,6.008064516129032,0.38306451612903225,2.4798387096774195,0,0.26209677419354843,3.75,7.479838709677419
21919,28,3400,99.5,0.5,0,0,0,0,0,0
20710,27,9699,4.804619032889989,63.20239199917518,0,0.9691720795958347,0,23.651922878647284,7.3718940096917205,30.73512733271471
20815,27,31235,79.40131263006242,7.927004962381943,0.4290059228429646,6.924923963502481,0,0.7491595966063711,4.56859292460381,6.130942852569233
21009,27,31964,74.0301589287949,15.789638343136028,0.028156676260793392,4.9962457764985615,0,1.8364409961206356,3.3193592791890882,5.262169941183832
21108,27,17133,80.96071908013775,5.3055506916476975,0.30934453977703846,4.873635673845795,0,1.1790112648105995,7.371738749781125,4.721881748672153
21154,27,7002,94.28734647243645,3.5989717223650386,0,0.614110254213082,0.1999428734647244,0,1.2996286775207084,0.371322479291631
20685,26,6874,81.16089613034623,14.343904567937155,0,0.30549898167006106,0,0.014547570555717195,4.1751527494908345,3.8114634855979053
20707,26,36020,25.07495835646863,45.50805108273182,0.56635202665186,11.166018878400887,0,8.41754580788451,9.2670738478623,15.907828983897835
21012,26,23536,83.24694085656016,5.14530931339225,0.1402107409925221,3.5010197144799458,0,0.7902787219578519,7.176240652617268,8.6208361658735555
21211,26,16420,78.8246041412911,10.5115712545676,0.5115712545676004,5.328867235079172,0.03654080389768575,0.633373934226553,4.15347137637028,4.573690621193666
21244,26,38266,11.344274290492866,74.49694245544347,1.008728375058799,6.906914754612449,0.5775361940103486,4.147284795902367,1.518319134479695,8.798933779334135
21777,26,2277,77.25076855511638,8.124725516029864,0,6.411945542380325,0,0.3513394817742644,7.861220904699165,6.016688625384278
20675,25,1772,49.37923250564334,39.44695259593679,1.2415349887133182,1.7494356659142212,0,5.474040632054176,2.708803611738149,7.618510158013544
21057,25,4485,94.9386845039019,2.74247491638796,0.2006688963210702,0.7803790412486065,0,0.33444816053511706,1.0033444816053512,5.418060200668896
21073,25,NA,NA,NA,NA,NA,NA,NA,NA,NA
21114,25,25955,68.83837410903487,15.284145636678867,0.030822577538046618,7.10075130032749,0,0.6858023502215373,8.060104026199191,7.929108071662492
21856,25,1145,71.00436681222708,18.8646288209607,0,0,0,0,10.131004366812228,0
20906,24,70985,33.87757977037402,24.152990068324293,0.5578643375360992,11.198140452208213,0.01690497992533634,23.759949285060227,6.436571106571811,33.643727548073535
21204,24,21378,70.6286836935167,17.985779773599027,0.3367948358125175,6.057629338572364,0.014033118158854899,0.4864814295069698,4.490597810833568,3.5457011881373375
21648,24,116,76.72413793103449,11.206896551724139,0,9.482758620689655,0,2.586206896551724,0,5.172413793103448
21869,24,990,63.63636363636363,27.77777777777778,0,0,0,5.555555555555555,3.0303030303030303,11.616161616161616
20689,23,2331,61.56156156156156,26.941226941226944,0,2.3166023166023164,0,1.2441012441012442,7.936507936507936,2.4882024882024885
20853,23,31670,59.53583833280708,11.288285443637513,0.5683612251341964,11.96716135143669,0,10.776760341016734,5.863593305967793,24.01010419955794
20894,23,0,NA,NA,NA,NA,NA,NA,NA,NA
20625,22,1065,93.9906103286385,0,0,0,0,0,6.009389671361502,0
21144,22,36625,49.8839590443686,31.483959044368596,0.2348122866894198,7.7460750853242315,0,2.683959044368601,7.967235494880547,7.582252559726962
21161,22,5965,97.95473595976529,0.2347024308466052,0,0.28499580888516346,0,0,1.5255658005029338,0.5029337803855826
21539,22,2396,95.95158597662771,0.12520868113522537,0,2.4624373956594323,0,0.12520868113522537,1.335559265442404,2.0868113522537564
21773,22,5357,92.14112376330036,0.5040134403584096,0.09333582228859437,2.4080642150457345,0,0.746686578308755,4.1067761806981515,3.0240806421504574
21779,22,1759,93.68959636156907,0,0,1.7055144968732234,0,0,4.604889141557703,0.625355315520182
,20,NA,NA,NA,NA,NA,NA,NA,NA,NA
20676,20,3036,82.80632411067194,10.210803689064559,0,0,0,0.7575757575757576,6.225296442687747,7.279314888010541
20711,20,7299,62.1729003973147,12.988080558980682,0.9864364981504316,0.4384162214001918,0,17.7147554459515,5.699410878202493,24.38690231538567
20782,20,34492,19.366809695001738,37.37388379914183,0.1768526035022614,4.39522208048243,0,32.83370056824771,5.853531253624029,39.087324597008
21034,20,2988,95.51539491298527,0.7028112449799196,0.2008032128514056,0.13386880856760375,0,0.1004016064257028,3.3467202141900936,0.9370816599732262
21077,20,76,84.21052631578947,15.789473684210526,0,0,0,0,0,0
21090,20,9921,90.38403386755367,4.26368309646205,0.13103517790545308,1.9050498941638947,0,0.34270738836810805,2.97349057554682,2.4795887511339583
21521,20,1449,99.65493443754313,0,0,0,0,0.3450655624568668,0,0
21770,20,7291,79.02893978878069,7.488684679742148,0,6.898916472363187,0,2.1396241942120424,4.443834864901934,5.321629406117131
21778,20,681,100,0,0,0,0,0,0,0
21838,20,1931,79.28534438114966,13.619886069394097,0,0.4142931123770067,0,2.0196789228379077,4.660797514241326,2.848265147591921
21865,20,358,63.128491620111724,18.156424581005588,0,18.71508379888268,0,0,0,0
20706,19,44305,9.206635819884887,64.53447692134071,0.2234510777564609,4.780498815032164,0.05868412143098972,14.641688297031937,6.554564947522853,21.99751721024715
20745,19,29736,7.203389830508475,65.23405972558514,0.5279795534032822,3.534436373419424,0.10761366693570083,18.973634651600754,4.418886198547216,24.529190207156308
20769,19,6831,24.593763724198507,48.982579417362025,0,16.586151368760063,0.1463914507392768,7.846581759625238,1.844532279314888,15.297906602254429
21047,19,13279,87.22795391219218,1.9655094510128774,0.2334513141049778,5.105806160102418,0,0.14308306348369607,5.3241960991038475,5.6781384140372015
21120,19,7243,88.37498274195775,2.5818031202540386,0,3.1754797735744855,0,1.9743200331354411,3.893414331078283,3.7415435592986332
21250,19,3022,50.165453342157505,33.88484447385837,0.2316346790205162,5.823957643944408,0,0.5956320317670417,9.298477829252151,7.941760423560557
21545,19,1625,97.84615384615385,0.9846153846153847,0.3076923076923077,0,0.06153846153846154,0,0.8,0
21841,19,1085,69.95391705069125,23.68663594470046,0,0,0,0,6.3594470046082945,0
21874,19,2239,80.08039303260384,1.6971862438588656,0,0.1786511835640911,0,11.612326931665923,6.431442608307281,15.319338990620812
21902,19,216,58.79629629629629,41.2037037037037,0,0,0,0,0,0
20628,18,586,69.28327645051195,16.21160409556314,0,0,0,0,14.505119453924914,6.825938566552901
20662,18,2437,60.36109971276159,28.31350020517029,3.0365203118588426,1.1899876897825195,0,4.4727123512515385,2.6261797291752154,0
20875,18,NA,NA,NA,NA,NA,NA,NA,NA,NA
21668,18,1645,90.09118541033435,4.680851063829787,0,0,0,4.25531914893617,0.9726443768996961,3.768996960486322
21861,18,738,92.00542005420054,6.233062330623306,0,0,0,0,1.7615176151761516,1.6260162601626018
20658,17,929,66.63078579117331,26.58772874058127,0.8611410118406888,1.1840688912809472,0,0,4.736275565123789,3.8751345532831003
21023,17,58,100,0,0,0,0,0,0,0
21152,17,6420,89.65732087227416,2.6168224299065423,0.24922118380062305,3.925233644859813,0,1.4018691588785046,2.149532710280374,1.9158878504672898
21210,17,15942,65.52502822732404,15.274118680215782,0.11290929619872037,9.22092585622883,0.03136369338853343,3.337096976539957,6.498557270104127,10.883201605821101
21557,17,1516,100,0,0,0,0,0,0,0
20902,16,53476,38.80058343929987,16.99827960206448,0.7966190440571471,8.143840227391728,0.01308998429201885,29.28416485900217,5.963422843892587,39.47191263370484
21635,16,1871,85.83645109567077,3.099946552645644,0.26723677177979693,0.16034206306787815,0,6.09299839657937,4.543025120256548,10.208444681988242
21640,16,1627,78.18070067609096,0,1.7209588199139523,0,0,15.795943454210203,4.30239704978488,33.98893669330055
21649,16,2276,69.4639718804921,1.9332161687170473,0.7029876977152899,2.10896309314587,0,22.759226713532513,3.031634446397188,33.04042179261863
21679,16,261,100,0,0,0,0,0,0,0
21780,16,2024,96.83794466403161,2.8656126482213438,0,0.14822134387351776,0,0,0.14822134387351776,0
20624,15,859,99.30151338766007,0,0,0,0,0,0.6984866123399301,2.6775320139697323
20899,15,322,18.012422360248447,78.26086956521739,0,0,0,3.7267080745341614,0,3.7267080745341614
21659,15,1163,75.92433361994841,21.15219260533104,0,2.3215821152192606,0,0,0.6018916595012898,0
21913,15,935,89.5187165775401,9.83957219251337,0.6417112299465241,0,0,0,0,4.491978609625669
20612,14,132,100,0,0,0,0,0,0,0
21111,14,5155,97.96314258001941,0.7759456838021339,0,0.03879728419010669,0,0.3103782735208535,0.9117361784675072,2.0950533462657615
20618,13,941,46.75876726886291,51.32837407013815,0,0.7438894792773645,0,0,1.1689691817215728,0
20758,13,633,93.36492890995261,6.6350710900473935,0,0,0,0,0,0
20776,13,2921,90.5854159534406,8.182129407737076,0,0,0,0,1.2324546388223212,4.484765491270113
20898,13,NA,NA,NA,NA,NA,NA,NA,NA,NA
21035,13,8404,94.03855306996668,1.9990480723465014,0.09519276534983341,0.6187529747739171,0,1.6896715849595432,1.5587815326035221,1.332698714897668
21814,13,180,100,0,0,0,0,0,0,0
21821,13,732,90.02732240437157,6.557377049180328,0,0,0,0,3.415300546448088,2.8688524590163933
21824,13,143,100,0,0,0,0,0,0,0
20608,12,734,23.43324250681199,49.31880108991826,0,1.08991825613079,0,2.17983651226158,23.978201634877383,0.4087193460490463
20832,12,25852,60.38991180566301,14.265820826241685,0.5531486925576358,13.213677858579606,0,3.6825003868172677,7.894940430140801,10.266130280055702
21017,12,5816,67.72696011004126,22.386519944979366,0,2.046079779917469,0.41265474552957354,0.7909215955983494,6.636863823933975,5.31292984869326
21235,12,NA,NA,NA,NA,NA,NA,NA,NA,NA
20764,11,3371,75.05191337881935,16.10797982794423,0,2.2248590922574905,0,1.2755858795609611,5.339661821417977,3.08513794126372
21128,11,14987,68.51938346567024,12.07713351571362,0,14.35243878027624,0,0.8273837325682258,4.223660505771669,3.035964502568893
21529,11,557,99.10233393177738,0,0,0,0,0,0.8976660682226212,0.8976660682226212
21542,11,154,92.20779220779221,0,0,0,0,0,7.792207792207792,0
21678,11,1704,72.76995305164318,26.349765258215964,0,0.528169014084507,0,0,0.35211267605633806,0.35211267605633806
21711,11,1087,100,0,0,0,0,0,0,0
21912,11,1393,97.70279971284997,2.297200287150036,0,0,0,0,0,0
20626,10,224,97.32142857142857,2.6785714285714284,0,0,0,0,0,0
20654,10,NA,NA,NA,NA,NA,NA,NA,NA,NA
20714,10,4678,73.00128259940145,17.015818725951263,0.4061564771269773,3.463018383924754,0,0.2992731936725096,5.814450619923044,6.028217186831979
20964,10,NA,NA,NA,NA,NA,NA,NA,NA,NA
21252,10,4478,58.932559178204556,29.43278249218401,0,3.974988834301027,0,1.0719071013845467,6.58776239392586,7.704332291201429
21634,10,372,99.19354838709677,0,0,0,0,0,0.8064516129032258,0
21717,10,181,100,0,0,0,0,0,0,23.756906077348066
20660,9,0,NA,NA,NA,NA,NA,NA,NA,NA
20688,9,1390,99.49640287769785,0.4316546762589928,0,0,0,0,0.07194244604316546,0
20733,9,2938,85.80667120490129,9.564329475833901,0.17018379850238255,1.2933968686181077,0,0.2042205582028591,2.961198093941457,1.8379850238257316
20783,9,49648,9.790928134063808,25.096680631646795,0.5418143731872381,2.7916532388011603,0.04431195617144699,57.106026426039314,4.628585240090236,65.86166612955205
20845,9,NA,NA,NA,NA,NA,NA,NA,NA,NA
21153,9,684,95.46783625730994,1.1695906432748537,0,3.3625730994152043,0,0,0,3.8011695906432745
21206,9,51643,21.123869643514126,73.41750091977616,0.08907305927231184,1.50068741165308,0.011618225122475456,1.7175609472726217,2.13968979338923,3.5842224502836784
21524,9,741,93.52226720647774,0,0,0,0,0,6.477732793522267,0
21607,9,640,70.78125,3.125,0.46875,0,0,15.312500000000002,10.3125,21.5625
21647,9,447,97.98657718120806,1.1185682326621924,0,0,0,0,0.8948545861297539,0
21664,9,648,71.60493827160494,0.15432098765432098,0,0,0,20.52469135802469,7.716049382716049,32.098765432098766
21719,9,971,98.14624098867148,0.9268795056642637,0,0.9268795056642637,0,0,0,0.8238928939237898
21890,9,3699,25.22303325223033,67.23438767234387,1.4868883482022168,0.24330900243309003,0,2.135712354690457,3.6766693701000266,6.65044606650446
00000,8,NA,NA,NA,NA,NA,NA,NA,NA,NA
20627,8,NA,NA,NA,NA,NA,NA,NA,NA,NA
20861,8,3195,54.178403755868544,12.863849765258218,0,12.613458528951488,0,7.668231611893583,12.676056338028168,20.219092331768387
21031,8,26,0,100,0,0,0,0,0,0
21105,8,0,NA,NA,NA,NA,NA,NA,NA,NA
21212,8,34525,50.980448950036205,38.091238233164376,0.10427226647356988,3.6987690079652427,0.055032585083272995,1.2512671976828385,5.818971759594497,4.811006517016655
21217,8,31694,12.794219726131129,83.47636776676973,0.12305168170631665,1.126396163311668,0.028396541932226918,0.15775856629014956,2.2938095538587744,1.3188616141856502
21231,8,15746,58.45929124857106,28.483424361742664,0.2222786739489394,6.05868156992252,0,2.4704686904610695,4.305855455353741,8.840340403912105
21286,8,21119,75.40129740991524,13.125621478289693,0.06155594488375396,5.2511956058525495,0.03788058146692552,1.4394620957431696,4.682986883848668,4.128983379894882
21645,8,1319,96.58832448824867,2.501895375284306,0,0,0,0,0.9097801364670205,0
21669,8,149,87.24832214765101,10.738255033557047,2.013422818791946,0,0,0,0,0
21676,8,347,83.28530259365994,0,0,13.256484149855908,0,0,3.45821325648415,0
21707,8,NA,NA,NA,NA,NA,NA,NA,NA,NA
21917,8,1983,92.58698940998488,2.3701462430660616,0.3530005042864347,0,0,0,4.689863842662632,2.319717599596571
39200,8,NA,NA,NA,NA,NA,NA,NA,NA,NA
20615,7,583,100,0,0,0,0,0,0,0
20903,7,26728,15.118976354384914,27.009129003292426,0.96527985633044,9.499401376833283,0,43.27297216402275,4.134241245136186,52.37578569290632
21062,7,NA,NA,NA,NA,NA,NA,NA,NA,NA
21101,7,NA,NA,NA,NA,NA,NA,NA,NA,NA
21132,7,3115,99.80738362760835,0,0,0,0,0,0.1926163723916533,0
21133,7,31383,11.209890705158845,79.52713252397795,0.34732179842589933,1.6187107669757512,0.025491508141350414,1.8449479017302362,5.426504795589969,5.056877927540389
21214,7,21924,36.11111111111111,57.77686553548622,0.17788724685276408,0.6112023353402664,0.10946907498631638,0.9943440977923736,4.219120598430943,2.8416347381864626
21612,7,716,91.89944134078212,0,0,0,0,0,8.100558659217876,7.262569832402235
21622,7,645,94.57364341085271,5.271317829457364,0,0,0,0,0.15503875968992248,0
20144,6,1397,93.7007874015748,6.012884753042233,0,0.28632784538296346,0,0,0,12.813171080887617
20629,6,864,68.75,4.976851851851852,0,20.48611111111111,0,0,5.787037037037037,5.787037037037037
20645,6,711,89.59212376933895,0,1.8284106891701828,0,0,0,8.579465541490858,0
20737,6,23562,21.564383329089214,26.610644257703083,0.49231813937696295,4.681266445972328,0,42.07198030727442,4.579407520583991,56.28130039894745
20763,6,2518,53.693407466243045,35.70293884034948,0,8.022239872915012,0,0,2.5814138204924544,0
20777,6,3312,71.98067632850241,5.283816425120773,0,19.98792270531401,0,0.6038647342995169,2.143719806763285,3.3816425120772946
20895,6,19051,73.87013805049604,5.516770773187759,0.3359403705842213,5.249068290378458,0.1364757755498399,4.461708046821689,10.429898692981995,13.773555193953074
21028,6,2562,91.21779859484778,1.1709601873536302,0,2.966432474629196,0,0,4.644808743169399,5.542544886807182
21087,6,5740,96.55052264808363,1.0452961672473868,0.13937282229965156,0.5052264808362369,0,0.6968641114982579,1.0627177700348431,0.2787456445993031
21241,6,NA,NA,NA,NA,NA,NA,NA,NA,NA
21657,6,1226,78.14029363784665,3.8336052202283852,0.24469820554649263,3.181076672104405,0,5.383360522022838,9.216965742251224,8.075040783034257
21785,6,NA,NA,NA,NA,NA,NA,NA,NA,NA
21866,6,95,100,0,0,0,0,0,0,0
21930,6,24,100,0,0,0,0,0,0,0
33333,6,NA,NA,NA,NA,NA,NA,NA,NA,NA
20611,5,1111,71.37713771377138,7.200720072007201,0,0.6300630063006301,0,0,20.792079207920793,12.061206120612061
20667,5,347,66.28242074927954,33.71757925072046,0,0,0,0,0,0
20721,5,30771,6.603620291833219,84.56013779207694,0.20148841441617105,2.096129472555328,0,1.6411556335510706,4.897468395567254,3.2758116408306526
20886,5,34436,38.11999070739923,24.108491113950517,0.5865954233941224,13.38715297944012,0,16.86316645371123,6.934603322104774,32.991636659310025
21088,5,NA,NA,NA,NA,NA,NA,NA,NA,NA
21723,5,725,67.17241379310344,2.0689655172413794,0,30.758620689655174,0,0,0,0
21790,5,11,100,0,0,0,0,0,0,0
20617,4,521,82.14971209213053,10.748560460652591,0,0,0,0,7.1017274472168905,7.1017274472168905
20765,4,548,75.72992700729927,24.27007299270073,0,0,0,0,0,0
20779,4,1041,97.50240153698367,2.49759846301633,0,0,0,0,0,0
20830,4,NA,NA,NA,NA,NA,NA,NA,NA,NA
20851,4,14840,39.40700808625337,12.45956873315364,0.8557951482479784,15.539083557951482,0,20.37735849056604,11.361185983827493,38.7533692722372
21050,4,18193,94.2835156378827,1.643489254108723,0,1.286208981476392,0,0.29132083768482386,2.4954652888473587,1.8908371351618756
21131,4,7678,92.95389424329252,0.29955717634800727,0.7554050533993227,1.6671008075019538,0,0.963792654337067,3.360250065121125,3.373274290179734
21160,4,2809,95.05161979352083,1.3527945888216448,0.42719829120683517,3.1683873264506945,0,0,0,0.8899964400142399
21239,4,29619,13.10307572841757,77.25446503933287,0.1147911813363044,2.45450555386745,0,1.7421249873392082,5.331037509706607,4.108849049596543
21636,4,912,87.82894736842105,1.5350877192982455,2.850877192982456,0,0,4.495614035087719,3.289473684210526,10.526315789473683
21650,4,238,41.596638655462186,0,0,0,0,58.40336134453782,0,58.40336134453782
21651,4,2488,79.2604501607717,13.545016077170418,0.12057877813504825,0.40192926045016075,0,5.305466237942122,1.3665594855305467,9.485530546623794
21738,4,4185,91.8757467144564,1.9832735961768222,0,1.935483870967742,0,1.5292712066905614,2.676224611708483,0.38231780167264034
21803,4,NA,NA,NA,NA,NA,NA,NA,NA,NA
21840,4,465,80.21505376344086,3.870967741935484,0,0,0,0,15.913978494623656,0
20656,3,84,0,100,0,0,0,0,0,0
20716,3,22390,19.642697632871815,68.12416257257703,0.5046895935685575,3.7561411344350155,0,3.6578829834747655,4.3144260830728,6.13666815542653
21013,3,5297,93.35472909193884,2.0388899377005854,0,0.7929016424391165,0,1.0949594109873513,2.7185199169341137,2.2465546535774967
21056,3,274,100,0,0,0,0,0,0,0
21130,3,66,100,0,0,0,0,0,0,0
21504,3,NA,NA,NA,NA,NA,NA,NA,NA,NA
21610,3,410,90.48780487804878,4.878048780487805,0,0,0,0,4.634146341463414,4.878048780487805
21734,3,889,98.08773903262093,1.0123734533183353,0,0.562429696287964,0,0,0.3374578177727784,3.0371203599550056
20335,2,NA,NA,NA,NA,NA,NA,NA,NA,NA
206 7,2,NA,NA,NA,NA,NA,NA,NA,NA,NA
20661,2,0,NA,NA,NA,NA,NA,NA,NA,NA
20701,2,787,45.36213468869123,53.494282083862764,0,0,0,0.8894536213468869,0.25412960609911056,3.5578144853875475
20778,2,2287,93.57236554438128,1.2680367293397463,0,0,0,0,5.159597726278968,5.990380411018801
20810,2,NA,NA,NA,NA,NA,NA,NA,NA,NA
20812,2,291,84.87972508591065,1.3745704467353952,0,1.0309278350515463,0,1.718213058419244,10.996563573883162,8.59106529209622
20891,2,NA,NA,NA,NA,NA,NA,NA,NA,NA
20934,2,NA,NA,NA,NA,NA,NA,NA,NA,NA
21041,2,NA,NA,NA,NA,NA,NA,NA,NA,NA
21155,2,2803,93.75668926150553,1.7481270067784518,0,1.4270424545130218,0,0,3.068141277202997,0
21251,2,354,26.55367231638418,66.10169491525424,0,1.4124293785310735,0,0,5.932203389830509,3.389830508474576
21522,2,NA,NA,NA,NA,NA,NA,NA,NA,NA
21523,2,201,80.09950248756219,0,0,15.422885572139302,0,0,4.477611940298507,0
21528,2,NA,NA,NA,NA,NA,NA,NA,NA,NA
21543,2,335,98.2089552238806,1.791044776119403,0,0,0,0,0,0
21652,2,156,100,0,0,0,0,0,0,0
21718,2,131,94.65648854961832,0,0,0,0,1.5267175572519083,3.816793893129771,2.2900763358778624
21744,2,NA,NA,NA,NA,NA,NA,NA,NA,NA
21802,2,NA,NA,NA,NA,NA,NA,NA,NA,NA
21836,2,NA,NA,NA,NA,NA,NA,NA,NA,NA
21864,2,640,73.4375,24.53125,0,0,0,0,2.03125,0
21920,2,910,75.93406593406593,0,0,0,0,19.89010989010989,4.175824175824175,21.318681318681318
21992,2,NA,NA,NA,NA,NA,NA,NA,NA,NA
30966,2,NA,NA,NA,NA,NA,NA,NA,NA,NA
20137,1,1981,92.226148409894,0.4543160020191822,0,1.0095911155981827,0.5552751135790005,1.2115093387178193,4.543160020191822,7.319535588086825
20161,1,NA,NA,NA,NA,NA,NA,NA,NA,NA
20560,1,0,NA,NA,NA,NA,NA,NA,NA,NA
20604,1,NA,NA,NA,NA,NA,NA,NA,NA,NA
20610,1,NA,NA,NA,NA,NA,NA,NA,NA,NA
20651,1,NA,NA,NA,NA,NA,NA,NA,NA,NA
20704,1,NA,NA,NA,NA,NA,NA,NA,NA,NA
20818,1,1934,71.56153050672181,3.257497414684592,0.1034126163391934,12.5129265770424,0,4.808686659772492,7.755946225439504,4.653567735263702
20865,1,NA,NA,NA,NA,NA,NA,NA,NA,NA
20912,1,26120,35.872894333843796,37.1937212863706,0.6355283307810107,4.345329249617151,0,13.759571209800919,8.192955589586525,22.327718223583464
20954,1,NA,NA,NA,NA,NA,NA,NA,NA,NA
21140,1,4063,96.82500615308885,0.24612355402412012,0,0.22151119862170812,0,0.44302239724341624,2.2643366970219048,5.931577651981295
21150,1,NA,NA,NA,NA,NA,NA,NA,NA,NA
21261,1,NA,NA,NA,NA,NA,NA,NA,NA,NA
21404,1,NA,NA,NA,NA,NA,NA,NA,NA,NA
21538,1,587,96.76320272572401,0,0.17035775127768313,0,0,0.5110732538330494,2.555366269165247,2.385008517887564
21624,1,217,92.62672811059907,7.373271889400922,0,0,0,0,0,0
21626,1,66,100,0,0,0,0,0,0,0
21641,1,122,99.18032786885246,0.819672131147541,0,0,0,0,0,0
21653,1,100,100,0,0,0,0,0,0,0
21665,1,151,100,0,0,0,0,0,0,0
21705,1,6,50,50,0,0,0,0,0,0
21733,1,914,86.32385120350109,0,0,0,0,3.8293216630196936,9.846827133479213,18.38074398249453
21737,1,2353,89.97025074373141,0.16999575010624735,0,8.032299192520187,0,0,1.827454313642159,1.317467063323417
21762,1,184,31.521739130434785,0,0,0,0,0,68.47826086956522,68.47826086956522
21843,1,NA,NA,NA,NA,NA,NA,NA,NA,NA
21906,1,NA,NA,NA,NA,NA,NA,NA,NA,NA
21910,1,NA,NA,NA,NA,NA,NA,NA,NA,NA
27002,1,NA,NA,NA,NA,NA,NA,NA,NA,NA
